980
382
757
948
147
893
59
326
703
703
399
862
324
204
527
953
907
64
787
173
348
534
5
95
449
176
71
686
863
251
367
540
248
101
815
939
226
195
536
712
485
647
432
923
775
280
753
332
384
321
208
166
5
34
605
275
453
367
972
181
749
422
785
650
922
35
649
184
609
404
124
54
538
304
841
686
387
424
26
748
510
566
217
488
716
952
948
119
260
943
445
724
722
917
501
927
664
81
910
471
10
195
365
574
311
82
582
747
287
185
426
214
637
899
892
562
144
836
18
992
454
529
986
64
666
154
932
471
667
665
249
514
398
53
197
80
167
753
988
180
907
578
256
501
444
803
218
339
522
231
605
200
561
108
984
410
659
856
754
319
77
76
993
794
901
638
559
395
209
629
681
18
697
947
783
360
158
678
872
628
46
77
809
597
761
992
253
139
908
80
163
872
625
788
66
777
Found!