102
302
442
103
838
190
554
326
967
198
597
700
290
387
676
454
645
284
409
668
179
77
757
879
657
460
362
716
756
38
737
831
858
476
16
559
132
886
591
100
661
704
289
533
300
382
287
977
745
999
240
416
618
638
411
646
47
575
374
470
358
902
495
728
81
595
686
477
980
902
866
716
497
530
141
872
419
990
773
927
508
183
285
303
90
615
780
859
456
70
906
876
150
802
390
73
287
387
568
467
686
127
614
99
509
914
816
456
928
655
415
124
823
587
274
589
3
386
500
41
843
432
623
944
309
993
189
322
365
941
432
846
432
68
699
995
211
809
451
915
623
807
341
170
101
742
467
993
733
538
100
795
679
135
190
414
604
797
910
743
624
128
350
264
302
876
787
205
391
367
23
730
325
405
213
275
942
177
637
935
550
302
37
267
993
554
208
272
245
987
16
93
61
276
659
278
798
296
11
125
545
130
410
690
878
152
710
588
627
164
296
810
112
155
465
524
974
340
554
375
659
170
254
306
384
302
167
415
418
836
30
12
212
829
955
824
508
635
494
376
772
723
405
721
155
257
23
610
817
494
179
1
334
424
294
565
958
661
697
938
448
144
629
167
676
100
737
807
798
3
627
39
15
282
544
261
40
690
325
279
213
680
165
725
691
871
713
212
392
476
690
474
295
87
257
170
676
484
585
274
746
767
477
467
403
431
538
499
309
603
553
839
213
383
764
456
584
495
995
260
550
993
993
368
140
291
335
530
920
181
524
715
471
102
556
669
578
392
459
239
433
56
755
709
427
218
191
104
953
456
407
508
553
828
807
638
951
33
865
149
248
521
979
767
109
321
65
961
65
390
774
307
201
715
172
281
180
407
218
853
429
714
119
7
61
635
956
49
22
523
514
381
442
648
314
671
919
490
395
417
624
832
472
372
363
633
488
157
663
498
474
745
375
313
849
555
784
136
387
201
919
713
255
387
824
149
343
560
775
42
663
955
142
481
340
751
250
924
522
191
68
621
405
672
52
62
886
907
690
47
742
480
739
273
224
12
100
137
409
716
558
428
554
706
832
421
947
752
645
884
550
624
654
939
367
90
323
486
124
686
5
572
472
573
832
388
720
901
10
689
972
856
826
979
781
117
935
733
275
804
270
630
541
159
490
302
920
106
725
704
323
244
982
605
7
326
490
397
70
42
976
69
409
636
713
63
171
19
180
896
119
568
607
839
632
525
605
125
867
456
251
17
533
259
162
579
255
900
790
93
927
144
195
919
300
572
635
520
564
22
58
969
308
171
738
534
210
844
348
855
986
569
856
832
357
52
269
979
536
353
125
811
688
75
204
112
10
133
42
964
720
203
185
405
684
768
766
697
817
516
918
460
607
971
209
583
796
171
847
765
835
779
231
915
928
696
708
294
807
203
761
142
100
906
50
131
969
25
44
786
236
895
210
787
597
224
763
562
597
129
382
118
157
533
301
718
457
788
741
181
844
931
723
814
881
39
705
81
880
154
61
279
624
773
861
481
277
612
720
171
562
561
236
426
299
78
632
41
282
302
651
416
994
183
767
643
688
884
312
101
804
520
985
122
627
646
225
429
359
651
307
864
115
421
85
140
592
442
104
852
731
896
466
494
979
129
713
306
337
546
381
145
428
342
392
98
741
370
497
915
393
947
371
879
575
275
624
926
618
842
934
393
994
236
74
258
530
34
143
5
439
894
447
736
889
23
675
326
989
436
851
11
159
413
734
120
31
434
594
122
845
264
851
984
453
59
755
948
68
898
352
116
282
326
370
296
134
450
613
519
183
326
653
60
861
613
293
835
808
781
504
605
621
617
841
293
336
975
660
740
886
619
264
184
744
338
674
344
232
69
816
283
406
843
402
673
366
732
539
596
428
514
794
903
555
281
333
265
539
282
556
606
607
576
548
382
61
893
383
819
251
237
339
521
175
29
399
478
557
413
464
7
178
448
448
679
750
364
485
444
267
341
119
72
12
404
714
520
427
128
591
86
391
703
457
724
513
497
395
480
435
262
344
524
116
482
197
68
688
825
752
263
256
602
209
270
321
336
29
386
730
72
993
702
757
284
244
224
43
638
106
312
520
465
856
206
864
775
941
75
725
535
532
863
620
373
313
527
273
246
832
419
821
82
694
584
924
640
627
833
465
510
95
86
628
812
918
694
283
487
29
152
383
808
151
742
418
755
484
780
63
634
644
543
51
194
279
425
899
701
625
621
235
341
479
966
673
609
133
209
8
847
431
699
609
310
426
331
984
965
282
473
693
513
268
492
458
356
927
149
683
695
644
179
101
411
817
308
4
946
241
300
769
729
787
989
603
105
705
447
509
288
742
504
527
198
13
676
639
990
85
490
683
296
468
707
764
723
733
274
228
214
492
349
245
187
376
9
411
215
807
684
201
443
808
103
695
722
240
754
478
574
416
308
111
821
843
345
6
594
133
975
118
226
735
291
138
32
698
952
38
111
540
798
73
187
482
802
30
432
99
917
133
583
148
151
973
343
144
965
999
224
987
877
286
10
130
215
900
245
809
897
130
278
448
682
922
356
510
775
559
437
134
243
460
643
59
172
909
482
76
648
383
646
751
706
119
293
281
467
695
507
806
470
185
67
128
652
566
726
87
263
788
456
789
45
670
384
571
517
113
130
550
113
690
364
427
809
374
514
531
258
822
333
798
435
203
330
410
738
807
764
357
185
440
462
61
475
647
166
287
328
797
658
646
468
381
591
620
919
413
794
468
486
475
238
471
614
191
511
968
599
311
256
329
406
625
110
394
60
682
181
28
623
208
245
648
423
906
598
509
429
553
522
638
994
976
136
272
906
963
200
694
669
289
551
830
138
558
141
593
492
196
963
384
335
126
299
29
784
164
704
736
177
994
97
347
756
288
456
336
190
343
698
700
248
761
566
438
76
289
998
127
970
978
371
177
501
251
676
750
42
923
505
787
721
661
444
404
736
932
109
587
602
96
791
95
900
234
622
928
95
993
464
23
471
489
879
998
69
94
878
444
729
273
692
326
859
442
365
632
973
539
295
232
97
916
133
999
486
558
832
811
958
867
31
662
663
986
776
251
779
996
769
480
618
607
107
657
963
548
861
835
346
414
74
903
7
804
978
824
93
312
268
767
437
123
883
365
298
213
877
325
857
836
484
135
392
534
962
762
698
483
72
477
497
536
632
555
625
903
909
843
944
991
46
302
534
70
380
298
318
277
430
10
967
3
774
186
414
814
555
113
430
233
605
66
841
788
674
628
40
622
138
779
11
670
102
475
161
72
652
284
483
77
712
542
48
826
744
92
529
868
361
903
273
553
268
95
266
145
651
426
974
55
517
484
368
452
265
707
586
286
898
152
911
42
784
383
287
444
739
349
630
730
842
932
670
67
813
466
391
90
715
822
857
164
568
589
182
896
24
52
32
237
734
743
219
65
410
540
616
71
119
361
933
508
688
565
970
633
670
434
761
865
511
487
340
704
930
140
460
529
994
834
136
137
197
825
545
0
424
316
597
852
998
876
425
454
211
759
730
795
836
915
195
353
33
789
903
590
533
255
615
135
990
932
711
750
772
712
324
529
282
691
395
521
456
286
299
861
438
34
175
287
24
369
702
334
370
793
487
977
552
218
695
733
161
182
709
105
935
597
975
409
510
677
701
126
167
730
317
183
809
449
971
116
137
539
117
159
214
62
114
195
819
300
355
71
340
877
822
280
223
750
721
883
164
513
719
529
677
976
372
343
301
339
51
420
779
195
186
612
691
37
603
357
626
249
801
834
184
967
89
402
518
915
662
963
223
817
304
976
640
130
624
447
867
803
468
107
851
164
285
243
55
370
856
252
597
357
12
751
935
921
543
0
317
185
426
804
124
981
509
117
72
616
800
488
299
19
44
488
20
208
323
131
92
325
821
440
697
164
418
490
694
350
550
148
365
670
858
659
190
272
175
672
305
327
76
695
318
727
572
359
750
398
676
360
753
323
711
551
700
670
783
25
253
407
206
584
609
672
146
2
176
622
111
722
635
702
393
839
978
492
1
133
223
783
628
120
636
401
724
16
549
964
909
807
213
570
502
16
665
747
44
782
362
302
640
631
920
692
657
228
118
80
421
266
587
907
929
205
276
453
443
923
301
234
720
77
714
652
573
357
252
707
126
440
455
9
370
83
37
894
431
183
458
27
539
531
470
470
899
923
654
384
739
832
557
460
981
910
392
171
149
333
105
622
745
366
692
839
993
848
770
705
377
779
943
845
753
352
33
259
220
452
438
889
24
528
171
318
408
445
38
115
880
663
633
39
198
869
876
32
50
866
841
12
728
504
645
852
186
262
356
564
492
758
436
916
211
651
45
682
980
351
834
120
600
535
672
735
242
21
112
860
751
809
310
336
862
753
39
644
473
306
812
361
292
567
654
836
930
796
681
797
314
220
605
902
207
175
539
157
963
557
133
946
686
300
773
323
530
432
362
369
939
649
361
199
751
221
221
472
272
43
34
456
826
878
67
832
386
69
771
659
138
899
8
628
878
646
523
330
440
948
54
417
643
998
201
238
711
428
535
610
548
652
906
509
907
472
924
908
181
498
633
209
919
343
322
640
114
117
434
4
182
900
983
904
96
499
426
686
293
858
33
561
702
153
789
838
880
279
456
551
981
218
469
218
103
31
386
575
567
165
499
385
423
999
752
631
868
187
984
265
627
233
204
249
645
364
575
671
298
33
464
121
513
690
348
226
426
93
632
440
487
37
213
479
659
177
686
685
362
632
425
882
551
572
838
638
373
9
412
974
736
590
511
182
260
818
784
903
832
29
243
710
354
71
616
374
8
298
658
788
806
529
283
168
571
358
705
151
374
96
427
976
403
457
112
420
870
554
871
124
180
931
220
35
130
590
6
615
151
781
614
485
804
552
301
343
603
47
998
623
323
126
639
806
874
449
711
48
893
458
177
703
753
113
560
530
539
7
113
799
946
625
221
960
690
712
874
127
237
199
336
306
522
646
585
252
383
275
621
470
652
347
373
938
981
836
519
571
196
274
390
866
343
989
636
826
179
979
76
276
723
349
654
261
354
822
245
970
904
399
39
163
437
865
202
409
642
918
335
338
844
970
823
485
701
834
898
324
51
888
439
497
472
451
930
999
248
363
384
476
600
619
559
19
944
575
89
636
622
997
624
162
33
4
745
487
71
984
354
446
994
282
76
187
981
619
789
583
609
29
732
908
378
509
853
491
627
620
211
556
360
388
502
662
401
40
927
398
634
956
865
181
986
928
469
63
146
589
343
418
299
688
820
993
429
631
652
273
245
992
300
351
653
259
307
760
559
557
893
484
761
752
204
930
196
60
989
419
162
201
989
939
713
769
365
719
566
112
400
835
718
799
372
601
56
672
729
79
114
908
78
678
932
427
238
242
608
367
748
750
360
698
413
350
460
71
537
767
157
251
582
204
748
371
677
878
547
4
480
470
409
854
100
543
413
681
697
371
459
628
774
908
762
527
269
707
369
187
333
118
611
191
499
190
546
127
683
14
69
634
213
970
261
763
504
419
291
250
288
179
408
174
620
523
71
760
924
652
124
515
886
800
485
827
42
971
298
177
994
806
378
811
784
415
619
110
497
932
239
825
133
391
423
688
160
292
581
819
926
514
279
600
338
657
748
845
628
600
321
697
248
298
947
173
552
267
137
994
358
766
397
583
978
236
227
267
847
433
997
613
278
645
764
400
336
572
781
486
845
459
615
527
333
989
212
311
368
122
911
355
475
814
908
869
711
83
911
431
928
697
137
556
318
846
66
425
95
141
953
931
338
121
844
365
433
382
364
428
925
274
489
388
494
25
985
225
91
592
56
125
730
891
316
211
704
239
155
902
282
123
449
309
792
232
272
394
409
609
292
838
264
933
878
624
460
568
159
25
230
947
671
721
542
304
763
194
377
199
211
963
277
424
197
149
62
220
154
837
660
120
422
543
472
958
0
120
670
203
322
639
244
255
348
64
839
622
662
850
239
915
53
930
950
462
183
273
516
838
956
11
20
921
59
237
480
771
967
269
539
317
918
619
290
436
250
525
248
633
865
900
279
503
759
912
828
34
519
484
176
237
25
326
667
226
397
900
336
626
445
766
459
588
910
35
90
551
124
539
461
359
840
830
495
737
59
913
339
692
506
514
849
494
144
433
877
904
735
511
301
621
421
275
97
713
457
611
381
296
728
580
529
201
974
71
556
199
915
555
507
543
162
279
443
219
636
983
250
174
341
46
643
99
940
758
469
669
464
785
96
428
676
840
223
176
118
955
94
137
198
123
804
499
829
599
161
499
144
891
896
360
178
103
400
665
7
242
183
117
513
344
20
717
670
204
237
522
846
565
594
93
906
702
783
259
668
94
420
746
599
15
436
804
976
275
609
957
598
200
528
613
290
657
488
238
891
2
972
698
340
663
921
463
975
341
311
643
881
921
906
885
937
532
887
949
855
430
320
554
432
759
417
758
546
869
828
270
509
228
521
861
390
193
456
240
877
361
97
89
67
222
685
1
377
551
382
64
279
431
521
212
646
681
934
343
423
394
956
305
863
268
524
856
348
650
118
484
633
206
751
642
351
171
658
563
300
245
783
84
995
288
585
231
487
46
521
291
989
541
873
906
304
183
640
836
152
66
14
598
196
974
79
327
840
51
795
373
909
202
579
991
549
517
854
766
806
364
556
449
949
822
166
445
106
772
321
98
745
299
770
750
187
515
372
599
985
911
173
448
820
608
764
484
131
899
424
411
24
824
891
395
119
802
645
916
40
244
803
929
0
896
56
776
23
941
529
910
562
420
784
825
304
42
350
877
966
896
947
763
271
253
776
841
840
849
119
553
744
424
390
226
768
445
667
565
6
701
304
3
904
962
504
456
767
512
31
451
718
159
753
895
0
582
401
538
713
132
107
625
993
2
196
546
656
925
896
600
788
306
227
560
68
548
772
266
759
222
523
707
340
381
316
1
738
642
631
279
924
487
428
908
195
517
785
170
205
186
675
518
106
949
185
330
429
494
748
91
276
828
289
810
609
568
599
82
933
341
224
780
952
279
671
21
679
659
144
265
254
976
709
597
3
354
999
209
79
284
512
198
858
148
926
265
928
403
105
665
28
37
605
622
915
388
526
109
664
510
297
260
539
581
604
949
699
790
239
105
555
258
414
925
292
309
591
227
511
374
209
466
313
735
440
889
845
935
435
175
405
987
197
469
203
825
578
309
428
662
385
100
39
858
453
283
793
84
53
20
791
804
960
578
939
778
490
942
741
467
32
262
893
71
796
299
95
995
906
27
604
410
316
476
295
254
5
857
843
704
218
951
880
915
307
202
288
144
139
278
629
945
334
352
673
685
25
361
555
642
357
112
516
22
844
593
671
630
913
196
874
295
175
323
131
857
585
934
746
35
338
381
991
543
936
975
721
691
431
660
736
442
28
266
916
531
843
398
209
186
600
945
584
416
164
794
433
550
288
484
509
147
456
375
219
739
951
311
503
995
62
698
592
517
970
511
977
967
909
286
143
621
171
515
22
972
458
307
863
299
64
678
566
912
52
822
31
572
9
526
867
414
147
60
836
638
359
563
659
286
405
62
721
606
510
502
100
589
929
413
239
14
486
124
515
534
858
581
898
97
410
636
745
414
637
142
619
446
631
340
239
30
25
343
504
500
424
185
24
959
506
794
426
734
855
817
577
705
676
875
535
562
46
568
234
365
72
595
702
968
360
947
310
945
89
946
364
594
850
265
463
718
389
138
80
770
36
795
895
570
335
243
971
57
79
978
33
182
168
759
86
402
704
496
727
586
820
347
605
969
803
232
556
6
561
266
51
76
994
169
4
811
439
748
253
319
226
833
959
471
15
200
106
808
218
972
612
55
542
971
145
461
495
977
230
99
870
770
121
325
502
727
47
961
19
875
357
841
807
194
730
701
83
661
434
342
438
439
163
380
996
247
597
260
992
590
748
796
296
146
305
119
126
784
156
695
380
254
727
316
133
784
277
302
939
837
489
264
723
135
981
13
426
200
836
932
323
717
933
634
464
910
443
702
685
102
385
697
180
95
971
621
980
210
344
841
431
697
647
960
402
863
376
781
725
582
625
765
642
204
573
758
422
156
846
946
100
665
513
866
89
347
4
292
872
439
86
173
566
782
115
105
389
343
663
684
998
257
947
866
398
882
919
416
683
539
403
184
924
560
859
897
603
470
286
446
299
387
209
164
373
489
951
213
802
185
95
370
870
139
846
177
538
80
543
183
771
72
173
656
133
343
109
309
550
660
729
360
25
464
625
375
336
205
180
393
985
51
581
296
61
958
13
385
873
771
236
532
122
533
94
843
113
801
494
821
753
690
836
76
13
894
520
830
932
197
544
546
404
268
127
64
834
316
874
415
756
777
Found!